g++ -std=c++14 main.cpp -Wall -g -fsanitize=undefined -D_GLIBCXX_DEBUG
cat input

5 100 90 80
98
40
30
21
80
cat input | ./a.out
270
[0, 0, 0, 0, 0]

190
[0, 0, 0, 0, 1]

190
[0, 0, 0, 0, 2]

190
[0, 0, 0, 0, 3]

249
[0, 0, 0, 1, 0]

181
[0, 0, 0, 1, 1]

169
[0, 0, 0, 1, 2]

169
[0, 0, 0, 1, 3]

249
[0, 0, 0, 2, 0]

169
[0, 0, 0, 2, 1]

201
[0, 0, 0, 2, 2]

169
[0, 0, 0, 2, 3]

249
[0, 0, 0, 3, 0]

169
[0, 0, 0, 3, 1]

169
[0, 0, 0, 3, 2]

221
[0, 0, 0, 3, 3]

240
[0, 0, 1, 0, 0]

190
[0, 0, 1, 0, 1]

160
[0, 0, 1, 0, 2]

160
[0, 0, 1, 0, 3]

229
[0, 0, 1, 1, 0]

221
[0, 0, 1, 1, 1]

149
[0, 0, 1, 1, 2]

149
[0, 0, 1, 1, 3]

219
[0, 0, 1, 2, 0]

169
[0, 0, 1, 2, 1]

171
[0, 0, 1, 2, 2]

139
[0, 0, 1, 2, 3]

219
[0, 0, 1, 3, 0]

169
[0, 0, 1, 3, 1]

139
[0, 0, 1, 3, 2]

191
[0, 0, 1, 3, 3]

240
[0, 0, 2, 0, 0]

160
[0, 0, 2, 0, 1]

210
[0, 0, 2, 0, 2]

160
[0, 0, 2, 0, 3]

219
[0, 0, 2, 1, 0]

151
[0, 0, 2, 1, 1]

189
[0, 0, 2, 1, 2]

139
[0, 0, 2, 1, 3]

229
[0, 0, 2, 2, 0]

149
[0, 0, 2, 2, 1]

241
[0, 0, 2, 2, 2]

149
[0, 0, 2, 2, 3]

219
[0, 0, 2, 3, 0]

139
[0, 0, 2, 3, 1]

189
[0, 0, 2, 3, 2]

191
[0, 0, 2, 3, 3]

240
[0, 0, 3, 0, 0]

160
[0, 0, 3, 0, 1]

160
[0, 0, 3, 0, 2]

230
[0, 0, 3, 0, 3]

219
[0, 0, 3, 1, 0]

151
[0, 0, 3, 1, 1]

139
[0, 0, 3, 1, 2]

209
[0, 0, 3, 1, 3]

219
[0, 0, 3, 2, 0]

139
[0, 0, 3, 2, 1]

171
[0, 0, 3, 2, 2]

209
[0, 0, 3, 2, 3]

229
[0, 0, 3, 3, 0]

149
[0, 0, 3, 3, 1]

149
[0, 0, 3, 3, 2]

261
[0, 0, 3, 3, 3]

230
[0, 1, 0, 0, 0]

200
[0, 1, 0, 0, 1]

150
[0, 1, 0, 0, 2]

150
[0, 1, 0, 0, 3]

219
[0, 1, 0, 1, 0]

231
[0, 1, 0, 1, 1]

139
[0, 1, 0, 1, 2]

139
[0, 1, 0, 1, 3]

209
[0, 1, 0, 2, 0]

179
[0, 1, 0, 2, 1]

161
[0, 1, 0, 2, 2]

129
[0, 1, 0, 2, 3]

209
[0, 1, 0, 3, 0]

179
[0, 1, 0, 3, 1]

129
[0, 1, 0, 3, 2]

181
[0, 1, 0, 3, 3]

210
[0, 1, 1, 0, 0]

240
[0, 1, 1, 0, 1]

130
[0, 1, 1, 0, 2]

130
[0, 1, 1, 0, 3]

199
[0, 1, 1, 1, 0]

271
[0, 1, 1, 1, 1]

119
[0, 1, 1, 1, 2]

119
[0, 1, 1, 1, 3]

189
[0, 1, 1, 2, 0]

219
[0, 1, 1, 2, 1]

141
[0, 1, 1, 2, 2]

109
[0, 1, 1, 2, 3]

189
[0, 1, 1, 3, 0]

219
[0, 1, 1, 3, 1]

109
[0, 1, 1, 3, 2]

161
[0, 1, 1, 3, 3]

200
[0, 1, 2, 0, 0]

170
[0, 1, 2, 0, 1]

170
[0, 1, 2, 0, 2]

120
[0, 1, 2, 0, 3]

189
[0, 1, 2, 1, 0]

201
[0, 1, 2, 1, 1]

159
[0, 1, 2, 1, 2]

109
[0, 1, 2, 1, 3]

189
[0, 1, 2, 2, 0]

159
[0, 1, 2, 2, 1]

201
[0, 1, 2, 2, 2]

109
[0, 1, 2, 2, 3]

179
[0, 1, 2, 3, 0]

149
[0, 1, 2, 3, 1]

149
[0, 1, 2, 3, 2]

151
[0, 1, 2, 3, 3]

200
[0, 1, 3, 0, 0]

170
[0, 1, 3, 0, 1]

120
[0, 1, 3, 0, 2]

190
[0, 1, 3, 0, 3]

189
[0, 1, 3, 1, 0]

201
[0, 1, 3, 1, 1]

109
[0, 1, 3, 1, 2]

179
[0, 1, 3, 1, 3]

179
[0, 1, 3, 2, 0]

149
[0, 1, 3, 2, 1]

131
[0, 1, 3, 2, 2]

169
[0, 1, 3, 2, 3]

189
[0, 1, 3, 3, 0]

159
[0, 1, 3, 3, 1]

109
[0, 1, 3, 3, 2]

221
[0, 1, 3, 3, 3]

230
[0, 2, 0, 0, 0]

150
[0, 2, 0, 0, 1]

220
[0, 2, 0, 0, 2]

150
[0, 2, 0, 0, 3]

209
[0, 2, 0, 1, 0]

141
[0, 2, 0, 1, 1]

199
[0, 2, 0, 1, 2]

129
[0, 2, 0, 1, 3]

219
[0, 2, 0, 2, 0]

139
[0, 2, 0, 2, 1]

251
[0, 2, 0, 2, 2]

139
[0, 2, 0, 2, 3]

209
[0, 2, 0, 3, 0]

129
[0, 2, 0, 3, 1]

199
[0, 2, 0, 3, 2]

181
[0, 2, 0, 3, 3]

200
[0, 2, 1, 0, 0]

150
[0, 2, 1, 0, 1]

190
[0, 2, 1, 0, 2]

120
[0, 2, 1, 0, 3]

189
[0, 2, 1, 1, 0]

181
[0, 2, 1, 1, 1]

179
[0, 2, 1, 1, 2]

109
[0, 2, 1, 1, 3]

189
[0, 2, 1, 2, 0]

139
[0, 2, 1, 2, 1]

221
[0, 2, 1, 2, 2]

109
[0, 2, 1, 2, 3]

179
[0, 2, 1, 3, 0]

129
[0, 2, 1, 3, 1]

169
[0, 2, 1, 3, 2]

151
[0, 2, 1, 3, 3]

210
[0, 2, 2, 0, 0]

130
[0, 2, 2, 0, 1]

260
[0, 2, 2, 0, 2]

130
[0, 2, 2, 0, 3]

189
[0, 2, 2, 1, 0]

121
[0, 2, 2, 1, 1]

239
[0, 2, 2, 1, 2]

109
[0, 2, 2, 1, 3]

201
[0, 2, 2, 2, 0]

121
[0, 2, 2, 2, 1]

291
[0, 2, 2, 2, 2]

121
[0, 2, 2, 2, 3]

189
[0, 2, 2, 3, 0]

109
[0, 2, 2, 3, 1]

239
[0, 2, 2, 3, 2]

161
[0, 2, 2, 3, 3]

200
[0, 2, 3, 0, 0]

120
[0, 2, 3, 0, 1]

190
[0, 2, 3, 0, 2]

190
[0, 2, 3, 0, 3]

179
[0, 2, 3, 1, 0]

111
[0, 2, 3, 1, 1]

169
[0, 2, 3, 1, 2]

169
[0, 2, 3, 1, 3]

189
[0, 2, 3, 2, 0]

109
[0, 2, 3, 2, 1]

221
[0, 2, 3, 2, 2]

179
[0, 2, 3, 2, 3]

189
[0, 2, 3, 3, 0]

109
[0, 2, 3, 3, 1]

179
[0, 2, 3, 3, 2]

221
[0, 2, 3, 3, 3]

230
[0, 3, 0, 0, 0]

150
[0, 3, 0, 0, 1]

150
[0, 3, 0, 0, 2]

240
[0, 3, 0, 0, 3]

209
[0, 3, 0, 1, 0]

141
[0, 3, 0, 1, 1]

129
[0, 3, 0, 1, 2]

219
[0, 3, 0, 1, 3]

209
[0, 3, 0, 2, 0]

129
[0, 3, 0, 2, 1]

161
[0, 3, 0, 2, 2]

219
[0, 3, 0, 2, 3]

219
[0, 3, 0, 3, 0]

139
[0, 3, 0, 3, 1]

139
[0, 3, 0, 3, 2]

271
[0, 3, 0, 3, 3]

200
[0, 3, 1, 0, 0]

150
[0, 3, 1, 0, 1]

120
[0, 3, 1, 0, 2]

210
[0, 3, 1, 0, 3]

189
[0, 3, 1, 1, 0]

181
[0, 3, 1, 1, 1]

109
[0, 3, 1, 1, 2]

199
[0, 3, 1, 1, 3]

179
[0, 3, 1, 2, 0]

129
[0, 3, 1, 2, 1]

131
[0, 3, 1, 2, 2]

189
[0, 3, 1, 2, 3]

189
[0, 3, 1, 3, 0]

139
[0, 3, 1, 3, 1]

109
[0, 3, 1, 3, 2]

241
[0, 3, 1, 3, 3]

200
[0, 3, 2, 0, 0]

120
[0, 3, 2, 0, 1]

170
[0, 3, 2, 0, 2]

210
[0, 3, 2, 0, 3]

179
[0, 3, 2, 1, 0]

111
[0, 3, 2, 1, 1]

149
[0, 3, 2, 1, 2]

189
[0, 3, 2, 1, 3]

189
[0, 3, 2, 2, 0]

109
[0, 3, 2, 2, 1]

201
[0, 3, 2, 2, 2]

199
[0, 3, 2, 2, 3]

189
[0, 3, 2, 3, 0]

109
[0, 3, 2, 3, 1]

159
[0, 3, 2, 3, 2]

241
[0, 3, 2, 3, 3]

210
[0, 3, 3, 0, 0]

130
[0, 3, 3, 0, 1]

130
[0, 3, 3, 0, 2]

280
[0, 3, 3, 0, 3]

189
[0, 3, 3, 1, 0]

121
[0, 3, 3, 1, 1]

109
[0, 3, 3, 1, 2]

259
[0, 3, 3, 1, 3]

189
[0, 3, 3, 2, 0]

109
[0, 3, 3, 2, 1]

141
[0, 3, 3, 2, 2]

259
[0, 3, 3, 2, 3]

221
[0, 3, 3, 3, 0]

141
[0, 3, 3, 3, 1]

141
[0, 3, 3, 3, 2]

311
[0, 3, 3, 3, 3]

172
[1, 0, 0, 0, 0]

258
[1, 0, 0, 0, 1]

92
[1, 0, 0, 0, 2]

92
[1, 0, 0, 0, 3]

199
[1, 0, 0, 1, 0]

289
[1, 0, 0, 1, 1]

119
[1, 0, 0, 1, 2]

119
[1, 0, 0, 1, 3]

151
[1, 0, 0, 2, 0]

237
[1, 0, 0, 2, 1]

103
[1, 0, 0, 2, 2]

71
[1, 0, 0, 2, 3]

151
[1, 0, 0, 3, 0]

237
[1, 0, 0, 3, 1]

71
[1, 0, 0, 3, 2]

123
[1, 0, 0, 3, 3]

208
[1, 0, 1, 0, 0]

298
[1, 0, 1, 0, 1]

128
[1, 0, 1, 0, 2]

128
[1, 0, 1, 0, 3]

239
[1, 0, 1, 1, 0]

329
[1, 0, 1, 1, 1]

159
[1, 0, 1, 1, 2]

159
[1, 0, 1, 1, 3]

187
[1, 0, 1, 2, 0]

277
[1, 0, 1, 2, 1]

139
[1, 0, 1, 2, 2]

107
[1, 0, 1, 2, 3]

187
[1, 0, 1, 3, 0]

277
[1, 0, 1, 3, 1]

107
[1, 0, 1, 3, 2]

159
[1, 0, 1, 3, 3]

142
[1, 0, 2, 0, 0]

228
[1, 0, 2, 0, 1]

112
[1, 0, 2, 0, 2]

62
[1, 0, 2, 0, 3]

169
[1, 0, 2, 1, 0]

259
[1, 0, 2, 1, 1]

139
[1, 0, 2, 1, 2]

89
[1, 0, 2, 1, 3]

131
[1, 0, 2, 2, 0]

217
[1, 0, 2, 2, 1]

143
[1, 0, 2, 2, 2]

51
[1, 0, 2, 2, 3]

121
[1, 0, 2, 3, 0]

207
[1, 0, 2, 3, 1]

91
[1, 0, 2, 3, 2]

93
[1, 0, 2, 3, 3]

142
[1, 0, 3, 0, 0]

228
[1, 0, 3, 0, 1]

62
[1, 0, 3, 0, 2]

132
[1, 0, 3, 0, 3]

169
[1, 0, 3, 1, 0]

259
[1, 0, 3, 1, 1]

89
[1, 0, 3, 1, 2]

159
[1, 0, 3, 1, 3]

121
[1, 0, 3, 2, 0]

207
[1, 0, 3, 2, 1]

73
[1, 0, 3, 2, 2]

111
[1, 0, 3, 2, 3]

131
[1, 0, 3, 3, 0]

217
[1, 0, 3, 3, 1]

51
[1, 0, 3, 3, 2]

163
[1, 0, 3, 3, 3]

218
[1, 1, 0, 0, 0]

308
[1, 1, 0, 0, 1]

138
[1, 1, 0, 0, 2]

138
[1, 1, 0, 0, 3]

249
[1, 1, 0, 1, 0]

339
[1, 1, 0, 1, 1]

169
[1, 1, 0, 1, 2]

169
[1, 1, 0, 1, 3]

197
[1, 1, 0, 2, 0]

287
[1, 1, 0, 2, 1]

149
[1, 1, 0, 2, 2]

117
[1, 1, 0, 2, 3]

197
[1, 1, 0, 3, 0]

287
[1, 1, 0, 3, 1]

117
[1, 1, 0, 3, 2]

169
[1, 1, 0, 3, 3]

258
[1, 1, 1, 0, 0]

348
[1, 1, 1, 0, 1]

178
[1, 1, 1, 0, 2]

178
[1, 1, 1, 0, 3]

289
[1, 1, 1, 1, 0]

379
[1, 1, 1, 1, 1]

209
[1, 1, 1, 1, 2]

209
[1, 1, 1, 1, 3]

237
[1, 1, 1, 2, 0]

327
[1, 1, 1, 2, 1]

189
[1, 1, 1, 2, 2]

157
[1, 1, 1, 2, 3]

237
[1, 1, 1, 3, 0]

327
[1, 1, 1, 3, 1]

157
[1, 1, 1, 3, 2]

209
[1, 1, 1, 3, 3]

188
[1, 1, 2, 0, 0]

278
[1, 1, 2, 0, 1]

158
[1, 1, 2, 0, 2]

108
[1, 1, 2, 0, 3]

219
[1, 1, 2, 1, 0]

309
[1, 1, 2, 1, 1]

189
[1, 1, 2, 1, 2]

139
[1, 1, 2, 1, 3]

177
[1, 1, 2, 2, 0]

267
[1, 1, 2, 2, 1]

189
[1, 1, 2, 2, 2]

97
[1, 1, 2, 2, 3]

167
[1, 1, 2, 3, 0]

257
[1, 1, 2, 3, 1]

137
[1, 1, 2, 3, 2]

139
[1, 1, 2, 3, 3]

188
[1, 1, 3, 0, 0]

278
[1, 1, 3, 0, 1]

108
[1, 1, 3, 0, 2]

178
[1, 1, 3, 0, 3]

219
[1, 1, 3, 1, 0]

309
[1, 1, 3, 1, 1]

139
[1, 1, 3, 1, 2]

209
[1, 1, 3, 1, 3]

167
[1, 1, 3, 2, 0]

257
[1, 1, 3, 2, 1]

119
[1, 1, 3, 2, 2]

157
[1, 1, 3, 2, 3]

177
[1, 1, 3, 3, 0]

267
[1, 1, 3, 3, 1]

97
[1, 1, 3, 3, 2]

209
[1, 1, 3, 3, 3]

132
[1, 2, 0, 0, 0]

218
[1, 2, 0, 0, 1]

122
[1, 2, 0, 0, 2]

52
[1, 2, 0, 0, 3]

159
[1, 2, 0, 1, 0]

249
[1, 2, 0, 1, 1]

149
[1, 2, 0, 1, 2]

79
[1, 2, 0, 1, 3]

121
[1, 2, 0, 2, 0]

207
[1, 2, 0, 2, 1]

153
[1, 2, 0, 2, 2]

41
[1, 2, 0, 2, 3]

111
[1, 2, 0, 3, 0]

197
[1, 2, 0, 3, 1]

101
[1, 2, 0, 3, 2]

83
[1, 2, 0, 3, 3]

168
[1, 2, 1, 0, 0]

258
[1, 2, 1, 0, 1]

158
[1, 2, 1, 0, 2]

88
[1, 2, 1, 0, 3]

199
[1, 2, 1, 1, 0]

289
[1, 2, 1, 1, 1]

189
[1, 2, 1, 1, 2]

119
[1, 2, 1, 1, 3]

157
[1, 2, 1, 2, 0]

247
[1, 2, 1, 2, 1]

189
[1, 2, 1, 2, 2]

77
[1, 2, 1, 2, 3]

147
[1, 2, 1, 3, 0]

237
[1, 2, 1, 3, 1]

137
[1, 2, 1, 3, 2]

119
[1, 2, 1, 3, 3]

112
[1, 2, 2, 0, 0]

198
[1, 2, 2, 0, 1]

162
[1, 2, 2, 0, 2]

32
[1, 2, 2, 0, 3]

139
[1, 2, 2, 1, 0]

229
[1, 2, 2, 1, 1]

189
[1, 2, 2, 1, 2]

59
[1, 2, 2, 1, 3]

103
[1, 2, 2, 2, 0]

189
[1, 2, 2, 2, 1]

193
[1, 2, 2, 2, 2]

23
[1, 2, 2, 2, 3]

91
[1, 2, 2, 3, 0]

177
[1, 2, 2, 3, 1]

141
[1, 2, 2, 3, 2]

63
[1, 2, 2, 3, 3]

102
[1, 2, 3, 0, 0]

188
[1, 2, 3, 0, 1]

92
[1, 2, 3, 0, 2]

92
[1, 2, 3, 0, 3]

129
[1, 2, 3, 1, 0]

219
[1, 2, 3, 1, 1]

119
[1, 2, 3, 1, 2]

119
[1, 2, 3, 1, 3]

91
[1, 2, 3, 2, 0]

177
[1, 2, 3, 2, 1]

123
[1, 2, 3, 2, 2]

81
[1, 2, 3, 2, 3]

91
[1, 2, 3, 3, 0]

177
[1, 2, 3, 3, 1]

81
[1, 2, 3, 3, 2]

123
[1, 2, 3, 3, 3]

132
[1, 3, 0, 0, 0]

218
[1, 3, 0, 0, 1]

52
[1, 3, 0, 0, 2]

142
[1, 3, 0, 0, 3]

159
[1, 3, 0, 1, 0]

249
[1, 3, 0, 1, 1]

79
[1, 3, 0, 1, 2]

169
[1, 3, 0, 1, 3]

111
[1, 3, 0, 2, 0]

197
[1, 3, 0, 2, 1]

63
[1, 3, 0, 2, 2]

121
[1, 3, 0, 2, 3]

121
[1, 3, 0, 3, 0]

207
[1, 3, 0, 3, 1]

41
[1, 3, 0, 3, 2]

173
[1, 3, 0, 3, 3]

168
[1, 3, 1, 0, 0]

258
[1, 3, 1, 0, 1]

88
[1, 3, 1, 0, 2]

178
[1, 3, 1, 0, 3]

199
[1, 3, 1, 1, 0]

289
[1, 3, 1, 1, 1]

119
[1, 3, 1, 1, 2]

209
[1, 3, 1, 1, 3]

147
[1, 3, 1, 2, 0]

237
[1, 3, 1, 2, 1]

99
[1, 3, 1, 2, 2]

157
[1, 3, 1, 2, 3]

157
[1, 3, 1, 3, 0]

247
[1, 3, 1, 3, 1]

77
[1, 3, 1, 3, 2]

209
[1, 3, 1, 3, 3]

102
[1, 3, 2, 0, 0]

188
[1, 3, 2, 0, 1]

72
[1, 3, 2, 0, 2]

112
[1, 3, 2, 0, 3]

129
[1, 3, 2, 1, 0]

219
[1, 3, 2, 1, 1]

99
[1, 3, 2, 1, 2]

139
[1, 3, 2, 1, 3]

91
[1, 3, 2, 2, 0]

177
[1, 3, 2, 2, 1]

103
[1, 3, 2, 2, 2]

101
[1, 3, 2, 2, 3]

91
[1, 3, 2, 3, 0]

177
[1, 3, 2, 3, 1]

61
[1, 3, 2, 3, 2]

143
[1, 3, 2, 3, 3]

112
[1, 3, 3, 0, 0]

198
[1, 3, 3, 0, 1]

32
[1, 3, 3, 0, 2]

182
[1, 3, 3, 0, 3]

139
[1, 3, 3, 1, 0]

229
[1, 3, 3, 1, 1]

59
[1, 3, 3, 1, 2]

209
[1, 3, 3, 1, 3]

91
[1, 3, 3, 2, 0]

177
[1, 3, 3, 2, 1]

43
[1, 3, 3, 2, 2]

161
[1, 3, 3, 2, 3]

123
[1, 3, 3, 3, 0]

209
[1, 3, 3, 3, 1]

43
[1, 3, 3, 3, 2]

213
[1, 3, 3, 3, 3]

188
[2, 0, 0, 0, 0]

108
[2, 0, 0, 0, 1]

278
[2, 0, 0, 0, 2]

108
[2, 0, 0, 0, 3]

167
[2, 0, 0, 1, 0]

99
[2, 0, 0, 1, 1]

257
[2, 0, 0, 1, 2]

87
[2, 0, 0, 1, 3]

219
[2, 0, 0, 2, 0]

139
[2, 0, 0, 2, 1]

309
[2, 0, 0, 2, 2]

139
[2, 0, 0, 2, 3]

167
[2, 0, 0, 3, 0]

87
[2, 0, 0, 3, 1]

257
[2, 0, 0, 3, 2]

139
[2, 0, 0, 3, 3]

158
[2, 0, 1, 0, 0]

108
[2, 0, 1, 0, 1]

248
[2, 0, 1, 0, 2]

78
[2, 0, 1, 0, 3]

147
[2, 0, 1, 1, 0]

139
[2, 0, 1, 1, 1]

237
[2, 0, 1, 1, 2]

67
[2, 0, 1, 1, 3]

189
[2, 0, 1, 2, 0]

139
[2, 0, 1, 2, 1]

279
[2, 0, 1, 2, 2]

109
[2, 0, 1, 2, 3]

137
[2, 0, 1, 3, 0]

87
[2, 0, 1, 3, 1]

227
[2, 0, 1, 3, 2]

109
[2, 0, 1, 3, 3]

228
[2, 0, 2, 0, 0]

148
[2, 0, 2, 0, 1]

318
[2, 0, 2, 0, 2]

148
[2, 0, 2, 0, 3]

207
[2, 0, 2, 1, 0]

139
[2, 0, 2, 1, 1]

297
[2, 0, 2, 1, 2]

127
[2, 0, 2, 1, 3]

259
[2, 0, 2, 2, 0]

179
[2, 0, 2, 2, 1]

349
[2, 0, 2, 2, 2]

179
[2, 0, 2, 2, 3]

207
[2, 0, 2, 3, 0]

127
[2, 0, 2, 3, 1]

297
[2, 0, 2, 3, 2]

179
[2, 0, 2, 3, 3]

158
[2, 0, 3, 0, 0]

78
[2, 0, 3, 0, 1]

248
[2, 0, 3, 0, 2]

148
[2, 0, 3, 0, 3]

137
[2, 0, 3, 1, 0]

69
[2, 0, 3, 1, 1]

227
[2, 0, 3, 1, 2]

127
[2, 0, 3, 1, 3]

189
[2, 0, 3, 2, 0]

109
[2, 0, 3, 2, 1]

279
[2, 0, 3, 2, 2]

179
[2, 0, 3, 2, 3]

147
[2, 0, 3, 3, 0]

67
[2, 0, 3, 3, 1]

237
[2, 0, 3, 3, 2]

179
[2, 0, 3, 3, 3]

148
[2, 1, 0, 0, 0]

118
[2, 1, 0, 0, 1]

238
[2, 1, 0, 0, 2]

68
[2, 1, 0, 0, 3]

137
[2, 1, 0, 1, 0]

149
[2, 1, 0, 1, 1]

227
[2, 1, 0, 1, 2]

57
[2, 1, 0, 1, 3]

179
[2, 1, 0, 2, 0]

149
[2, 1, 0, 2, 1]

269
[2, 1, 0, 2, 2]

99
[2, 1, 0, 2, 3]

127
[2, 1, 0, 3, 0]

97
[2, 1, 0, 3, 1]

217
[2, 1, 0, 3, 2]

99
[2, 1, 0, 3, 3]

128
[2, 1, 1, 0, 0]

158
[2, 1, 1, 0, 1]

218
[2, 1, 1, 0, 2]

48
[2, 1, 1, 0, 3]

117
[2, 1, 1, 1, 0]

189
[2, 1, 1, 1, 1]

207
[2, 1, 1, 1, 2]

37
[2, 1, 1, 1, 3]

159
[2, 1, 1, 2, 0]

189
[2, 1, 1, 2, 1]

249
[2, 1, 1, 2, 2]

79
[2, 1, 1, 2, 3]

107
[2, 1, 1, 3, 0]

137
[2, 1, 1, 3, 1]

197
[2, 1, 1, 3, 2]

79
[2, 1, 1, 3, 3]

188
[2, 1, 2, 0, 0]

158
[2, 1, 2, 0, 1]

278
[2, 1, 2, 0, 2]

108
[2, 1, 2, 0, 3]

177
[2, 1, 2, 1, 0]

189
[2, 1, 2, 1, 1]

267
[2, 1, 2, 1, 2]

97
[2, 1, 2, 1, 3]

219
[2, 1, 2, 2, 0]

189
[2, 1, 2, 2, 1]

309
[2, 1, 2, 2, 2]

139
[2, 1, 2, 2, 3]

167
[2, 1, 2, 3, 0]

137
[2, 1, 2, 3, 1]

257
[2, 1, 2, 3, 2]

139
[2, 1, 2, 3, 3]

118
[2, 1, 3, 0, 0]

88
[2, 1, 3, 0, 1]

208
[2, 1, 3, 0, 2]

108
[2, 1, 3, 0, 3]

107
[2, 1, 3, 1, 0]

119
[2, 1, 3, 1, 1]

197
[2, 1, 3, 1, 2]

97
[2, 1, 3, 1, 3]

149
[2, 1, 3, 2, 0]

119
[2, 1, 3, 2, 1]

239
[2, 1, 3, 2, 2]

139
[2, 1, 3, 2, 3]

107
[2, 1, 3, 3, 0]

77
[2, 1, 3, 3, 1]

197
[2, 1, 3, 3, 2]

139
[2, 1, 3, 3, 3]

238
[2, 2, 0, 0, 0]

158
[2, 2, 0, 0, 1]

328
[2, 2, 0, 0, 2]

158
[2, 2, 0, 0, 3]

217
[2, 2, 0, 1, 0]

149
[2, 2, 0, 1, 1]

307
[2, 2, 0, 1, 2]

137
[2, 2, 0, 1, 3]

269
[2, 2, 0, 2, 0]

189
[2, 2, 0, 2, 1]

359
[2, 2, 0, 2, 2]

189
[2, 2, 0, 2, 3]

217
[2, 2, 0, 3, 0]

137
[2, 2, 0, 3, 1]

307
[2, 2, 0, 3, 2]

189
[2, 2, 0, 3, 3]

208
[2, 2, 1, 0, 0]

158
[2, 2, 1, 0, 1]

298
[2, 2, 1, 0, 2]

128
[2, 2, 1, 0, 3]

197
[2, 2, 1, 1, 0]

189
[2, 2, 1, 1, 1]

287
[2, 2, 1, 1, 2]

117
[2, 2, 1, 1, 3]

239
[2, 2, 1, 2, 0]

189
[2, 2, 1, 2, 1]

329
[2, 2, 1, 2, 2]

159
[2, 2, 1, 2, 3]

187
[2, 2, 1, 3, 0]

137
[2, 2, 1, 3, 1]

277
[2, 2, 1, 3, 2]

159
[2, 2, 1, 3, 3]

278
[2, 2, 2, 0, 0]

198
[2, 2, 2, 0, 1]

368
[2, 2, 2, 0, 2]

198
[2, 2, 2, 0, 3]

257
[2, 2, 2, 1, 0]

189
[2, 2, 2, 1, 1]

347
[2, 2, 2, 1, 2]

177
[2, 2, 2, 1, 3]

309
[2, 2, 2, 2, 0]

229
[2, 2, 2, 2, 1]

399
[2, 2, 2, 2, 2]

229
[2, 2, 2, 2, 3]

257
[2, 2, 2, 3, 0]

177
[2, 2, 2, 3, 1]

347
[2, 2, 2, 3, 2]

229
[2, 2, 2, 3, 3]

208
[2, 2, 3, 0, 0]

128
[2, 2, 3, 0, 1]

298
[2, 2, 3, 0, 2]

198
[2, 2, 3, 0, 3]

187
[2, 2, 3, 1, 0]

119
[2, 2, 3, 1, 1]

277
[2, 2, 3, 1, 2]

177
[2, 2, 3, 1, 3]

239
[2, 2, 3, 2, 0]

159
[2, 2, 3, 2, 1]

329
[2, 2, 3, 2, 2]

229
[2, 2, 3, 2, 3]

197
[2, 2, 3, 3, 0]

117
[2, 2, 3, 3, 1]

287
[2, 2, 3, 3, 2]

229
[2, 2, 3, 3, 3]

148
[2, 3, 0, 0, 0]

68
[2, 3, 0, 0, 1]

238
[2, 3, 0, 0, 2]

158
[2, 3, 0, 0, 3]

127
[2, 3, 0, 1, 0]

59
[2, 3, 0, 1, 1]

217
[2, 3, 0, 1, 2]

137
[2, 3, 0, 1, 3]

179
[2, 3, 0, 2, 0]

99
[2, 3, 0, 2, 1]

269
[2, 3, 0, 2, 2]

189
[2, 3, 0, 2, 3]

137
[2, 3, 0, 3, 0]

57
[2, 3, 0, 3, 1]

227
[2, 3, 0, 3, 2]

189
[2, 3, 0, 3, 3]

118
[2, 3, 1, 0, 0]

68
[2, 3, 1, 0, 1]

208
[2, 3, 1, 0, 2]

128
[2, 3, 1, 0, 3]

107
[2, 3, 1, 1, 0]

99
[2, 3, 1, 1, 1]

197
[2, 3, 1, 1, 2]

117
[2, 3, 1, 1, 3]

149
[2, 3, 1, 2, 0]

99
[2, 3, 1, 2, 1]

239
[2, 3, 1, 2, 2]

159
[2, 3, 1, 2, 3]

107
[2, 3, 1, 3, 0]

57
[2, 3, 1, 3, 1]

197
[2, 3, 1, 3, 2]

159
[2, 3, 1, 3, 3]

188
[2, 3, 2, 0, 0]

108
[2, 3, 2, 0, 1]

278
[2, 3, 2, 0, 2]

198
[2, 3, 2, 0, 3]

167
[2, 3, 2, 1, 0]

99
[2, 3, 2, 1, 1]

257
[2, 3, 2, 1, 2]

177
[2, 3, 2, 1, 3]

219
[2, 3, 2, 2, 0]

139
[2, 3, 2, 2, 1]

309
[2, 3, 2, 2, 2]

229
[2, 3, 2, 2, 3]

177
[2, 3, 2, 3, 0]

97
[2, 3, 2, 3, 1]

267
[2, 3, 2, 3, 2]

229
[2, 3, 2, 3, 3]

128
[2, 3, 3, 0, 0]

48
[2, 3, 3, 0, 1]

218
[2, 3, 3, 0, 2]

198
[2, 3, 3, 0, 3]

107
[2, 3, 3, 1, 0]

39
[2, 3, 3, 1, 1]

197
[2, 3, 3, 1, 2]

177
[2, 3, 3, 1, 3]

159
[2, 3, 3, 2, 0]

79
[2, 3, 3, 2, 1]

249
[2, 3, 3, 2, 2]

229
[2, 3, 3, 2, 3]

139
[2, 3, 3, 3, 0]

59
[2, 3, 3, 3, 1]

229
[2, 3, 3, 3, 2]

229
[2, 3, 3, 3, 3]

208
[3, 0, 0, 0, 0]

128
[3, 0, 0, 0, 1]

128
[3, 0, 0, 0, 2]

298
[3, 0, 0, 0, 3]

187
[3, 0, 0, 1, 0]

119
[3, 0, 0, 1, 1]

107
[3, 0, 0, 1, 2]

277
[3, 0, 0, 1, 3]

187
[3, 0, 0, 2, 0]

107
[3, 0, 0, 2, 1]

139
[3, 0, 0, 2, 2]

277
[3, 0, 0, 2, 3]

239
[3, 0, 0, 3, 0]

159
[3, 0, 0, 3, 1]

159
[3, 0, 0, 3, 2]

329
[3, 0, 0, 3, 3]

178
[3, 0, 1, 0, 0]

128
[3, 0, 1, 0, 1]

98
[3, 0, 1, 0, 2]

268
[3, 0, 1, 0, 3]

167
[3, 0, 1, 1, 0]

159
[3, 0, 1, 1, 1]

87
[3, 0, 1, 1, 2]

257
[3, 0, 1, 1, 3]

157
[3, 0, 1, 2, 0]

107
[3, 0, 1, 2, 1]

109
[3, 0, 1, 2, 2]

247
[3, 0, 1, 2, 3]

209
[3, 0, 1, 3, 0]

159
[3, 0, 1, 3, 1]

129
[3, 0, 1, 3, 2]

299
[3, 0, 1, 3, 3]

178
[3, 0, 2, 0, 0]

98
[3, 0, 2, 0, 1]

148
[3, 0, 2, 0, 2]

268
[3, 0, 2, 0, 3]

157
[3, 0, 2, 1, 0]

89
[3, 0, 2, 1, 1]

127
[3, 0, 2, 1, 2]

247
[3, 0, 2, 1, 3]

167
[3, 0, 2, 2, 0]

87
[3, 0, 2, 2, 1]

179
[3, 0, 2, 2, 2]

257
[3, 0, 2, 2, 3]

209
[3, 0, 2, 3, 0]

129
[3, 0, 2, 3, 1]

179
[3, 0, 2, 3, 2]

299
[3, 0, 2, 3, 3]

248
[3, 0, 3, 0, 0]

168
[3, 0, 3, 0, 1]

168
[3, 0, 3, 0, 2]

338
[3, 0, 3, 0, 3]

227
[3, 0, 3, 1, 0]

159
[3, 0, 3, 1, 1]

147
[3, 0, 3, 1, 2]

317
[3, 0, 3, 1, 3]

227
[3, 0, 3, 2, 0]

147
[3, 0, 3, 2, 1]

179
[3, 0, 3, 2, 2]

317
[3, 0, 3, 2, 3]

279
[3, 0, 3, 3, 0]

199
[3, 0, 3, 3, 1]

199
[3, 0, 3, 3, 2]

369
[3, 0, 3, 3, 3]

168
[3, 1, 0, 0, 0]

138
[3, 1, 0, 0, 1]

88
[3, 1, 0, 0, 2]

258
[3, 1, 0, 0, 3]

157
[3, 1, 0, 1, 0]

169
[3, 1, 0, 1, 1]

77
[3, 1, 0, 1, 2]

247
[3, 1, 0, 1, 3]

147
[3, 1, 0, 2, 0]

117
[3, 1, 0, 2, 1]

99
[3, 1, 0, 2, 2]

237
[3, 1, 0, 2, 3]

199
[3, 1, 0, 3, 0]

169
[3, 1, 0, 3, 1]

119
[3, 1, 0, 3, 2]

289
[3, 1, 0, 3, 3]

148
[3, 1, 1, 0, 0]

178
[3, 1, 1, 0, 1]

68
[3, 1, 1, 0, 2]

238
[3, 1, 1, 0, 3]

137
[3, 1, 1, 1, 0]

209
[3, 1, 1, 1, 1]

57
[3, 1, 1, 1, 2]

227
[3, 1, 1, 1, 3]

127
[3, 1, 1, 2, 0]

157
[3, 1, 1, 2, 1]

79
[3, 1, 1, 2, 2]

217
[3, 1, 1, 2, 3]

179
[3, 1, 1, 3, 0]

209
[3, 1, 1, 3, 1]

99
[3, 1, 1, 3, 2]

269
[3, 1, 1, 3, 3]

138
[3, 1, 2, 0, 0]

108
[3, 1, 2, 0, 1]

108
[3, 1, 2, 0, 2]

228
[3, 1, 2, 0, 3]

127
[3, 1, 2, 1, 0]

139
[3, 1, 2, 1, 1]

97
[3, 1, 2, 1, 2]

217
[3, 1, 2, 1, 3]

127
[3, 1, 2, 2, 0]

97
[3, 1, 2, 2, 1]

139
[3, 1, 2, 2, 2]

217
[3, 1, 2, 2, 3]

169
[3, 1, 2, 3, 0]

139
[3, 1, 2, 3, 1]

139
[3, 1, 2, 3, 2]

259
[3, 1, 2, 3, 3]

208
[3, 1, 3, 0, 0]

178
[3, 1, 3, 0, 1]

128
[3, 1, 3, 0, 2]

298
[3, 1, 3, 0, 3]

197
[3, 1, 3, 1, 0]

209
[3, 1, 3, 1, 1]

117
[3, 1, 3, 1, 2]

287
[3, 1, 3, 1, 3]

187
[3, 1, 3, 2, 0]

157
[3, 1, 3, 2, 1]

139
[3, 1, 3, 2, 2]

277
[3, 1, 3, 2, 3]

239
[3, 1, 3, 3, 0]

209
[3, 1, 3, 3, 1]

159
[3, 1, 3, 3, 2]

329
[3, 1, 3, 3, 3]

168
[3, 2, 0, 0, 0]

88
[3, 2, 0, 0, 1]

158
[3, 2, 0, 0, 2]

258
[3, 2, 0, 0, 3]

147
[3, 2, 0, 1, 0]

79
[3, 2, 0, 1, 1]

137
[3, 2, 0, 1, 2]

237
[3, 2, 0, 1, 3]

157
[3, 2, 0, 2, 0]

77
[3, 2, 0, 2, 1]

189
[3, 2, 0, 2, 2]

247
[3, 2, 0, 2, 3]

199
[3, 2, 0, 3, 0]

119
[3, 2, 0, 3, 1]

189
[3, 2, 0, 3, 2]

289
[3, 2, 0, 3, 3]

138
[3, 2, 1, 0, 0]

88
[3, 2, 1, 0, 1]

128
[3, 2, 1, 0, 2]

228
[3, 2, 1, 0, 3]

127
[3, 2, 1, 1, 0]

119
[3, 2, 1, 1, 1]

117
[3, 2, 1, 1, 2]

217
[3, 2, 1, 1, 3]

127
[3, 2, 1, 2, 0]

77
[3, 2, 1, 2, 1]

159
[3, 2, 1, 2, 2]

217
[3, 2, 1, 2, 3]

169
[3, 2, 1, 3, 0]

119
[3, 2, 1, 3, 1]

159
[3, 2, 1, 3, 2]

259
[3, 2, 1, 3, 3]

148
[3, 2, 2, 0, 0]

68
[3, 2, 2, 0, 1]

198
[3, 2, 2, 0, 2]

238
[3, 2, 2, 0, 3]

127
[3, 2, 2, 1, 0]

59
[3, 2, 2, 1, 1]

177
[3, 2, 2, 1, 2]

217
[3, 2, 2, 1, 3]

139
[3, 2, 2, 2, 0]

59
[3, 2, 2, 2, 1]

229
[3, 2, 2, 2, 2]

229
[3, 2, 2, 2, 3]

179
[3, 2, 2, 3, 0]

99
[3, 2, 2, 3, 1]

229
[3, 2, 2, 3, 2]

269
[3, 2, 2, 3, 3]

208
[3, 2, 3, 0, 0]

128
[3, 2, 3, 0, 1]

198
[3, 2, 3, 0, 2]

298
[3, 2, 3, 0, 3]

187
[3, 2, 3, 1, 0]

119
[3, 2, 3, 1, 1]

177
[3, 2, 3, 1, 2]

277
[3, 2, 3, 1, 3]

197
[3, 2, 3, 2, 0]

117
[3, 2, 3, 2, 1]

229
[3, 2, 3, 2, 2]

287
[3, 2, 3, 2, 3]

239
[3, 2, 3, 3, 0]

159
[3, 2, 3, 3, 1]

229
[3, 2, 3, 3, 2]

329
[3, 2, 3, 3, 3]

258
[3, 3, 0, 0, 0]

178
[3, 3, 0, 0, 1]

178
[3, 3, 0, 0, 2]

348
[3, 3, 0, 0, 3]

237
[3, 3, 0, 1, 0]

169
[3, 3, 0, 1, 1]

157
[3, 3, 0, 1, 2]

327
[3, 3, 0, 1, 3]

237
[3, 3, 0, 2, 0]

157
[3, 3, 0, 2, 1]

189
[3, 3, 0, 2, 2]

327
[3, 3, 0, 2, 3]

289
[3, 3, 0, 3, 0]

209
[3, 3, 0, 3, 1]

209
[3, 3, 0, 3, 2]

379
[3, 3, 0, 3, 3]

228
[3, 3, 1, 0, 0]

178
[3, 3, 1, 0, 1]

148
[3, 3, 1, 0, 2]

318
[3, 3, 1, 0, 3]

217
[3, 3, 1, 1, 0]

209
[3, 3, 1, 1, 1]

137
[3, 3, 1, 1, 2]

307
[3, 3, 1, 1, 3]

207
[3, 3, 1, 2, 0]

157
[3, 3, 1, 2, 1]

159
[3, 3, 1, 2, 2]

297
[3, 3, 1, 2, 3]

259
[3, 3, 1, 3, 0]

209
[3, 3, 1, 3, 1]

179
[3, 3, 1, 3, 2]

349
[3, 3, 1, 3, 3]

228
[3, 3, 2, 0, 0]

148
[3, 3, 2, 0, 1]

198
[3, 3, 2, 0, 2]

318
[3, 3, 2, 0, 3]

207
[3, 3, 2, 1, 0]

139
[3, 3, 2, 1, 1]

177
[3, 3, 2, 1, 2]

297
[3, 3, 2, 1, 3]

217
[3, 3, 2, 2, 0]

137
[3, 3, 2, 2, 1]

229
[3, 3, 2, 2, 2]

307
[3, 3, 2, 2, 3]

259
[3, 3, 2, 3, 0]

179
[3, 3, 2, 3, 1]

229
[3, 3, 2, 3, 2]

349
[3, 3, 2, 3, 3]

298
[3, 3, 3, 0, 0]

218
[3, 3, 3, 0, 1]

218
[3, 3, 3, 0, 2]

388
[3, 3, 3, 0, 3]

277
[3, 3, 3, 1, 0]

209
[3, 3, 3, 1, 1]

197
[3, 3, 3, 1, 2]

367
[3, 3, 3, 1, 3]

277
[3, 3, 3, 2, 0]

197
[3, 3, 3, 2, 1]

229
[3, 3, 3, 2, 2]

367
[3, 3, 3, 2, 3]

329
[3, 3, 3, 3, 0]

249
[3, 3, 3, 3, 1]

249
[3, 3, 3, 3, 2]

419
[3, 3, 3, 3, 3]

23
