10
12
13
14
15
16
17
18
19
20
21
23
24
25
26
27
28
29
30
31
32
34
35
36
37
38
39
40
41
42
43
45
46
47
48
49
50
51
52
53
54
56
57
58
59
60
61
62
63
64
65
67
68
69
70
71
72
73
74
75
76
78
79
80
81
82
83
84
85
86
87
89
90
91
92
93
94
95
96
97
98
100
101
110
112
113
114
115
116
117
118
119
121
122
131
133
141
144
151
155
161
166
171
177
181
188
191
199
200
202
211
212
220
221
223
224
225
226
227
228
229
232
233
242
244
252
255
262
266
272
277
282
288
292
299
300
303
311
313
322
323
330
331
332
334
335
336
337
338
339
343
344
353
355
363
366
373
377
383
388
393
399
400
404
411
414
422
424
433
434
440
441
442
443
445
446
447
448
449
454
455
464
466
474
477
484
488
494
499
500
505
511
515
522
525
533
535
544
545
550
551
552
553
554
556
557
558
559
565
566
575
577
585
588
595
599
600
606
611
616
622
626
633
636
644
646
655
656
660
661
662
663
664
665
667
668
669
676
677
686
688
696
699
700
707
711
717
722
727
733
737
744
747
755
757
766
767
770
771
772
773
774
775
776
778
779
787
788
797
799
800
808
811
818
822
828
833
838
844
848
855
858
866
868
877
878
880
881
882
883
884
885
886
887
889
898
899
900
909
911
919
922
929
933
939
944
949
955
959
966
969
977
979
988
989
990
991
992
993
994
995
996
997
998
1000
1001
1010
1011
1100
1101
1110
1112
1113
1114
1115
1116
1117
1118
1119
1121
1122
1131
1133
1141
1144
1151
1155
1161
1166
1171
1177
1181
1188
1191
1199
1211
1212
1221
1222
1311
1313
1331
1333
1411
1414
1441
1444
1511
1515
1551
1555
1611
1616
1661
1666
1711
1717
1771
1777
1811
1818
1881
1888
1911
1919
1991
1999
2000
2002
2020
2022
2111
2112
2121
2122
2200
2202
2211
2212
2220
2221
2223
2224
2225
2226
2227
2228
2229
2232
2233
2242
2244
2252
2255
2262
2266
2272
2277
2282
2288
2292
2299
2322
2323
2332
2333
2422
2424
2442
2444
2522
2525
2552
2555
2622
2626
2662
2666
2722
2727
2772
2777
2822
2828
2882
2888
2922
2929
2992
2999
3000
3003
3030
3033
3111
3113
3131
3133
3222
3223
3232
3233
3300
3303
3311
3313
3322
3323
3330
3331
3332
3334
3335
3336
3337
3338
3339
3343
3344
3353
3355
3363
3366
3373
3377
3383
3388
3393
3399
3433
3434
3443
3444
3533
3535
3553
3555
3633
3636
3663
3666
3733
3737
3773
3777
3833
3838
3883
3888
3933
3939
3993
3999
4000
4004
4040
4044
4111
4114
4141
4144
4222
4224
4242
4244
4333
4334
4343
4344
4400
4404
4411
4414
4422
4424
4433
4434
4440
4441
4442
4443
4445
4446
4447
4448
4449
4454
4455
4464
4466
4474
4477
4484
4488
4494
4499
4544
4545
4554
4555
4644
4646
4664
4666
4744
4747
4774
4777
4844
4848
4884
4888
4944
4949
4994
4999
5000
5005
5050
5055
5111
5115
5151
5155
5222
5225
5252
5255
5333
5335
5353
5355
5444
5445
5454
5455
5500
5505
5511
5515
5522
5525
5533
5535
5544
5545
5550
5551
5552
5553
5554
5556
5557
5558
5559
5565
5566
5575
5577
5585
5588
5595
5599
5655
5656
5665
5666
5755
5757
5775
5777
5855
5858
5885
5888
5955
5959
5995
5999
6000
6006
6060
6066
6111
6116
6161
6166
6222
6226
6262
6266
6333
6336
6363
6366
6444
6446
6464
6466
6555
6556
6565
6566
6600
6606
6611
6616
6622
6626
6633
6636
6644
6646
6655
6656
6660
6661
6662
6663
6664
6665
6667
6668
6669
6676
6677
6686
6688
6696
6699
6766
6767
6776
6777
6866
6868
6886
6888
6966
6969
6996
6999
7000
7007
7070
7077
7111
7117
7171
7177
7222
7227
7272
7277
7333
7337
7373
7377
7444
7447
7474
7477
7555
7557
7575
7577
7666
7667
7676
7677
7700
7707
7711
7717
7722
7727
7733
7737
7744
7747
7755
7757
7766
7767
7770
7771
7772
7773
7774
7775
7776
7778
7779
7787
7788
7797
7799
7877
7878
7887
7888
7977
7979
7997
7999
8000
8008
8080
8088
8111
8118
8181
8188
8222
8228
8282
8288
8333
8338
8383
8388
8444
8448
8484
8488
8555
8558
8585
8588
8666
8668
8686
8688
8777
8778
8787
8788
8800
8808
8811
8818
8822
8828
8833
8838
8844
8848
8855
8858
8866
8868
8877
8878
8880
8881
8882
8883
8884
8885
8886
8887
8889
8898
8899
8988
8989
8998
8999
9000
9009
9090
9099
9111
9119
9191
9199
9222
9229
9292
9299
9333
9339
9393
9399
9444
9449
9494
9499
9555
9559
9595
9599
9666
9669
9696
9699
9777
9779
9797
9799
9888
9889
9898
9899
9900
9909
9911
9919
9922
9929
9933
9939
9944
9949
9955
9959
9966
9969
9977
9979
9988
9989
9990
9991
9992
9993
9994
9995
9996
9997
9998
10000
10001
10010
10011
10100
10101
10110
10111
11000
11001
11010
11011
11100
11101
11110
11112
11113
11114
11115
11116
11117
11118
11119
11121
11122
11131
11133
11141
11144
11151
11155
11161
11166
11171
11177
11181
11188
11191
11199
11211
11212
11221
11222
11311
11313
11331
11333
11411
11414
11441
11444
11511
11515
11551
11555
11611
11616
11661
11666
11711
11717
11771
11777
11811
11818
11881
11888
11911
11919
11991
11999
12111
12112
12121
12122
12211
12212
12221
12222
13111
13113
13131
13133
13311
13313
13331
13333
14111
14114
14141
14144
14411
14414
14441
14444
15111
15115
15151
15155
15511
15515
15551
15555
16111
16116
16161
16166
16611
16616
16661
16666
17111
17117
17171
17177
17711
17717
17771
17777
18111
18118
18181
18188
18811
18818
18881
18888
19111
19119
19191
19199
19911
19919
19991
19999
20000
20002
20020
20022
20200
20202
20220
20222
21111
21112
21121
21122
21211
21212
21221
21222
22000
22002
22020
22022
22111
22112
22121
22122
22200
22202
22211
22212
22220
22221
22223
22224
22225
22226
22227
22228
22229
22232
22233
22242
22244
22252
22255
22262
22266
22272
22277
22282
22288
22292
22299
22322
22323
22332
22333
22422
22424
22442
22444
22522
22525
22552
22555
22622
22626
22662
22666
22722
22727
22772
22777
22822
22828
22882
22888
22922
22929
22992
22999
23222
23223
23232
23233
23322
23323
23332
23333
24222
24224
24242
24244
24422
24424
24442
24444
25222
25225
25252
25255
25522
25525
25552
25555
26222
26226
26262
26266
26622
26626
26662
26666
27222
27227
27272
27277
27722
27727
27772
27777
28222
28228
28282
28288
28822
28828
28882
28888
29222
29229
29292
29299
29922
29929
29992
29999
30000
30003
30030
30033
30300
30303
30330
30333
31111
31113
31131
31133
31311
31313
31331
31333
32222
32223
32232
32233
32322
32323
32332
32333
33000
33003
33030
33033
33111
33113
33131
33133
33222
33223
33232
33233
33300
33303
33311
33313
33322
33323
33330
33331
33332
33334
33335
33336
33337
33338
33339
33343
33344
33353
33355
33363
33366
33373
33377
33383
33388
33393
33399
33433
33434
33443
33444
33533
33535
33553
33555
33633
33636
33663
33666
33733
33737
33773
33777
33833
33838
33883
33888
33933
33939
33993
33999
34333
34334
34343
34344
34433
34434
34443
34444
35333
35335
35353
35355
35533
35535
35553
35555
36333
36336
36363
36366
36633
36636
36663
36666
37333
37337
37373
37377
37733
37737
37773
37777
38333
38338
38383
38388
38833
38838
38883
38888
39333
39339
39393
39399
39933
39939
39993
39999
40000
40004
40040
40044
40400
40404
40440
40444
41111
41114
41141
41144
41411
41414
41441
41444
42222
42224
42242
42244
42422
42424
42442
42444
43333
43334
43343
43344
43433
43434
43443
43444
44000
44004
44040
44044
44111
44114
44141
44144
44222
44224
44242
44244
44333
44334
44343
44344
44400
44404
44411
44414
44422
44424
44433
44434
44440
44441
44442
44443
44445
44446
44447
44448
44449
44454
44455
44464
44466
44474
44477
44484
44488
44494
44499
44544
44545
44554
44555
44644
44646
44664
44666
44744
44747
44774
44777
44844
44848
44884
44888
44944
44949
44994
44999
45444
45445
45454
45455
45544
45545
45554
45555
46444
46446
46464
46466
46644
46646
46664
46666
47444
47447
47474
47477
47744
47747
47774
47777
48444
48448
48484
48488
48844
48848
48884
48888
49444
49449
49494
49499
49944
49949
49994
49999
50000
50005
50050
50055
50500
50505
50550
50555
51111
51115
51151
51155
51511
51515
51551
51555
52222
52225
52252
52255
52522
52525
52552
52555
53333
53335
53353
53355
53533
53535
53553
53555
54444
54445
54454
54455
54544
54545
54554
54555
55000
55005
55050
55055
55111
55115
55151
55155
55222
55225
55252
55255
55333
55335
55353
55355
55444
55445
55454
55455
55500
55505
55511
55515
55522
55525
55533
55535
55544
55545
55550
55551
55552
55553
55554
55556
55557
55558
55559
55565
55566
55575
55577
55585
55588
55595
55599
55655
55656
55665
55666
55755
55757
55775
55777
55855
55858
55885
55888
55955
55959
55995
55999
56555
56556
56565
56566
56655
56656
56665
56666
57555
57557
57575
57577
57755
57757
57775
57777
58555
58558
58585
58588
58855
58858
58885
58888
59555
59559
59595
59599
59955
59959
59995
59999
60000
60006
60060
60066
60600
60606
60660
60666
61111
61116
61161
61166
61611
61616
61661
61666
62222
62226
62262
62266
62622
62626
62662
62666
63333
63336
63363
63366
63633
63636
63663
63666
64444
64446
64464
64466
64644
64646
64664
64666
65555
65556
65565
65566
65655
65656
65665
65666
66000
66006
66060
66066
66111
66116
66161
66166
66222
66226
66262
66266
66333
66336
66363
66366
66444
66446
66464
66466
66555
66556
66565
66566
66600
66606
66611
66616
66622
66626
66633
66636
66644
66646
66655
66656
66660
66661
66662
66663
66664
66665
66667
66668
66669
66676
66677
66686
66688
66696
66699
66766
66767
66776
66777
66866
66868
66886
66888
66966
66969
66996
66999
67666
67667
67676
67677
67766
67767
67776
67777
68666
68668
68686
68688
68866
68868
68886
68888
69666
69669
69696
69699
69966
69969
69996
69999
70000
70007
70070
70077
70700
70707
70770
70777
71111
71117
71171
71177
71711
71717
71771
71777
72222
72227
72272
72277
72722
72727
72772
72777
73333
73337
73373
73377
73733
73737
73773
73777
74444
74447
74474
74477
74744
74747
74774
74777
75555
75557
75575
75577
75755
75757
75775
75777
76666
76667
76676
76677
76766
76767
76776
76777
77000
77007
77070
77077
77111
77117
77171
77177
77222
77227
77272
77277
77333
77337
77373
77377
77444
77447
77474
77477
77555
77557
77575
77577
77666
77667
77676
77677
77700
77707
77711
77717
77722
77727
77733
77737
77744
77747
77755
77757
77766
77767
77770
77771
77772
77773
77774
77775
77776
77778
77779
77787
77788
77797
77799
77877
77878
77887
77888
77977
77979
77997
77999
78777
78778
78787
78788
78877
78878
78887
78888
79777
79779
79797
79799
79977
79979
79997
79999
80000
80008
80080
80088
80800
80808
80880
80888
81111
81118
81181
81188
81811
81818
81881
81888
82222
82228
82282
82288
82822
82828
82882
82888
83333
83338
83383
83388
83833
83838
83883
83888
84444
84448
84484
84488
84844
84848
84884
84888
85555
85558
85585
85588
85855
85858
85885
85888
86666
86668
86686
86688
86866
86868
86886
86888
87777
87778
87787
87788
87877
87878
87887
87888
88000
88008
88080
88088
88111
88118
88181
88188
88222
88228
88282
88288
88333
88338
88383
88388
88444
88448
88484
88488
88555
88558
88585
88588
88666
88668
88686
88688
88777
88778
88787
88788
88800
88808
88811
88818
88822
88828
88833
88838
88844
88848
88855
88858
88866
88868
88877
88878
88880
88881
88882
88883
88884
88885
88886
88887
88889
88898
88899
88988
88989
88998
88999
89888
89889
89898
89899
89988
89989
89998
89999
90000
90009
90090
90099
90900
90909
90990
90999
91111
91119
91191
91199
91911
91919
91991
91999
92222
92229
92292
92299
92922
92929
92992
92999
93333
93339
93393
93399
93933
93939
93993
93999
94444
94449
94494
94499
94944
94949
94994
94999
95555
95559
95595
95599
95955
95959
95995
95999
96666
96669
96696
96699
96966
96969
96996
96999
97777
97779
97797
97799
97977
97979
97997
97999
98888
98889
98898
98899
98988
98989
98998
98999
99000
99009
99090
99099
99111
99119
99191
99199
99222
99229
99292
99299
99333
99339
99393
99399
99444
99449
99494
99499
99555
99559
99595
99599
99666
99669
99696
99699
99777
99779
99797
99799
99888
99889
99898
99899
99900
99909
99911
99919
99922
99929
99933
99939
99944
99949
99955
99959
99966
99969
99977
99979
99988
99989
99990
99991
99992
99993
99994
99995
99996
99997
99998
100000
